WINDOWS_IMAGE_2019_SKU=2019-Datacenter-Core-smalldisk
WINDOWS_IMAGE_2019_VERSION=17763.1339.2007101755
WINDOWS_IMAGE_2004_SKU=datacenter-core-2004-with-containers-smalldisk
WINDOWS_IMAGE_2004_VERSION=19041.388.2007101729